2.03216604 1.208392074 1.0
5.871071207 0.625477546 1.0
8.766792302 0.561760725 1.0
14.922223554 0.470330939 1.0
18.148867303 0.435673596 1.0
25.346770066 0.501805226 1.0
28.705784504 0.366777797 1.0
31.038893022 0.961688065 1.0
46.824629603 0.559951201 1.0
48.926085155 0.402476011 1.0
51.209558169 0.263006623 1.0
53.80740281 0.361166801 1.0
56.521137477 0.295414085 1.0
58.788043028 0.356530007 1.0
60.459302687 1.061266527 1.0
63.570098572 0.510456833 1.0
65.489546421 0.34300969 1.0
72.786711939 0.701851171 1.0
74.821912769 0.418655844 1.0
76.989576247 0.33900681 1.0
78.925565192 0.619019379 1.0
91.848676768 0.663897795 1.0
95.588277133 0.316280571 1.0
98.517069942 0.267501851 1.0
101.114929434 0.285651011 1.0
103.299159705 0.325407357 1.0
104.788368579 0.332189194 1.0
107.386253344 0.374317814 1.0
110.513563932 0.303015805 1.0
112.582039497 0.370534248 1.0
115.394961034 0.38160775 1.0
130.634598016 0.405974364 1.0
132.984227936 0.328378856 1.0
134.655449003 0.737125904 1.0
136.641108942 0.431488963 1.0
144.9807295 0.371844124 1.0
147.677884285 0.322701079 1.0
159.459265413 0.453312464 1.0
161.130472362 0.446139396 1.0
163.463611675 0.768965001 1.0
175.21188047 0.532712853 1.0
185.057286953 0.423296549 1.0
186.827777267 0.380846119 1.0
189.806209965 0.490377723 1.0
201.008467605 0.432127717 1.0
203.341623103 0.450966849 1.0
205.509280388 0.443320933 1.0
207.445213547 0.411372205 1.0
210.324393882 0.300197106 1.0
212.98848397 0.324098968 1.0
214.626616782 0.309980329 1.0
217.456198126 0.28037691 1.0
223.743898675 0.408770427 1.0
225.580590148 0.340041989 1.0
227.533139524 0.451452527 1.0
230.577748396 0.526844345 1.0
237.527470993 0.953126792 1.0
241.366470802 0.354106446 1.0
244.063527453 0.313058324 1.0
247.339792925 0.332809973 1.0
250.003881605 0.324719279 1.0
256.25851238 0.502090567 1.0
258.922612071 0.389978103 1.0
260.544170546 0.376447478 1.0
262.960021622 0.416553849 1.0
272.143512367 0.401105858 1.0
274.625604335 0.32698858 1.0
277.786024164 0.366596521 1.0
279.30844278 0.404207656 1.0
281.955831378 0.436768756 1.0
284.35520765 0.349370006 1.0
287.366707421 0.409889211 1.0
289.004885152 0.467732833 1.0
290.808461654 0.352132558 1.0
293.40630135 0.386302459 1.0
295.59051132 0.394086345 1.0
302.308516006 0.588090365 1.0
304.790523711 0.33805205 1.0
306.643772691 0.372818835 1.0
309.903539716 0.753085621 1.0
320.195692138 0.396902609 1.0
331.563405717 0.365200699 1.0
340.482164796 0.726422075 1.0
342.864956039 0.343626399 1.0
344.800888327 0.359725803 1.0
348.209620916 0.358986944 1.0
351.403154235 0.325457594 1.0
354.249234147 0.343370281 1.0
355.771530495 1.189085727 1.0
359.1470561 0.493547872 1.0
361.926975524 0.417626471 1.0
363.96220693 0.414404157 1.0
372.003953956 0.492663328 1.0
374.155065901 0.397540817 1.0
377.050774041 0.621830794 1.0
379.284576071 0.996031148 1.0
389.312028548 1.37659655 1.0
392.505625641 0.511010727 1.0
394.656661758 0.376051325 1.0
397.51931778 0.26529366 1.0
400.431515189 0.481101813 1.0
403.244528587 0.508082521 1.0
406.454582802 0.362030178 1.0
408.605711561 0.42690153 1.0
420.982781381 0.457849342 1.0
424.060479185 0.444142355 1.0
431.043269717 0.57336277 1.0
434.203703687 0.364913233 1.0
436.603036112 0.453597779 1.0
443.982930601 0.465696473 1.0
447.242627745 0.349987902 1.0
448.781509211 0.547135059 1.0
460.562949212 0.485658639 1.0
463.690275619 0.438343326 1.0
466.056455284 0.464148479 1.0
472.724870042 0.435780382 1.0
475.024945362 0.359660728 1.0
484.373864131 0.410760354 1.0
486.657384495 0.671258287 1.0
490.215014153 0.313591429 1.0
491.70414582 0.440498967 1.0
493.772530094 0.332097604 1.0
496.916400603 0.34024385 1.0
499.961089894 0.351541583 1.0
502.625121854 0.407488175 1.0
511.957538279 0.491170191 1.0
514.687753262 0.352855623 1.0
518.0964128 0.552245385 1.0
